0S,0C
         990            1
         463            1
        1286            1
        1388            1
        -463           -1
       -1286           -1
       -1388           -1
        3370            1
2195683 1
51532 1
5836 1
1868 1
111416 1
1772 1
6273 1
7156 1
6426 1
110909 1
1621 1
5538 1
1398 1
      221498            1
     2193722            1
3508 1
108935 1
     2193892            1
109548 1
2085 1
     2193444            1
108482 1
     2193429            1
     2193459            1
     2193539            1
     2193500            1
     2193414            1
108462 1
     2193436            1
     2193501            1
     2193411            1
     2193447            1
3217 1
     2193468            1
     2193507            1
108509 1
      330737            1
      330735            1
       44797            1
1354 1
1322 1
1324 1
1322 1
1322 1
110160 1
3095 1
1322 1
1322 1
108620 1
108440 1
1847268 1
        4235            1
3134561 1
108600 1
        4220            1
3134546 1
3139216 1
        4228            1
3134554 1
        4233            1
3134559 1
5387 1
        4264            1
3134590 1
        4256            1
3134582 1
        4261            1
3134587 1
        4200            1
3134526 1
        2462            1
2819 1
        2891            1
        2922            1
3255 1
4263 1
        2949            1
3282 1
        2492            1
2825 1
        1065            1
56329 1
1361 1
1361 1
1361 1
4101 1
        3068            1
4531 1
4582 1
108426 1
      567082            1
      568235            1
570699 1
      567944            1
108422 1
      570364            1
      580792            1
583258 1
      607498            1
      567086            1
      568229            1
     -567082           -1
     -568235           -1
     -567944           -1
     -570364           -1
     -580792           -1
      567944            1
      570370            1
      580780            1
      565094            1
        1234            1
      570373            1
        3598            1
        3600            1
        3584            1
        3606            1
        3562            1
        3544            1
        3600            1
108385 1
        3522            1
        3615            1
        3615            1
        3584            1
        3606            1
        3603            1
        3575            1
        2883            1
54711 1
        3374            1
55000 1
        3549            1
108378 1
1293 1
        1860            1
108512 1
         996            1
        1067            1
1293 1
40216 1
1293 1
933415 1
108274 1
926195 1
       65418            1
        1145            1
        1021            1
        1202            1
116728 1
        1546            1
3131848 1
8117 1
        2710            1
64728 1
        1162            1
64066 1
4338 1
       -4338           -1
        1253            1
170409 1
171298 1
179611 1
44465 1
       -1293           -1
     -108512           -1
       -1293           -1
     -108378           -1
      -55000           -1
         844            1
2834 1
        1079            1
37378 1
52419 1
66981 1
66614 1
2276 1
68222 1
61927 1
     -108440           -1
     -108620           -1
       -1322           -1
       -1322           -1
     -110160           -1
       -1322           -1
       -1322           -1
       -1868           -1
       -5836           -1
      -51532           -1
3930 1
6936493 1
7482459 1
       -3930           -1
7823103 1
        1912            1
     -570699           -1
     -108426           -1
       -4582           -1
       -4531           -1
       -4101           -1
       -1361           -1
       -1361           -1
       -1361           -1
592833 1
21366102 1
5546 1
9664871 1
         827            1
        1130            1
         993            1
2419 1
4413 1
9722 1
     1582761            1
18667 1
1412 1
141720 1
3232 1
-1412 -1
1315 1
2924 1
468 1
-2924 -1
2325 1
4170 1
-9686971 -5
1016 1
77031 1
-77031 -1
2042 1
1029 1
1918 1
1662 1
2934 1
3927 1
1044 1
4145 1
785917 1
7059 1
47993 1
597 1
4364 1
1081 1
2025266 1
1088 1
64322 1
2445 1
621469 1
108388 1
2513 1
621537 1
108387 1
797405 1
797396 1
3339 1
808081 1
2445 1
621469 1
108383 1
4776 1
8135 1
85876 1
5169646 1
7137841 1
5133473 1
177623 1
4050 1
4064 1
4843 1
3196 1
14312 1
565 1
570 1
346514 1
1037 1
5086 1
341613 1
31658 1
1044 1
42551 1
1054 1
16546 1
983 1
30900 1
17004 1
299654 1
16904 1
50279 1
53896 1
19792 1
1164 1
38994 1
1097 1
38190 1
1024 1
4422 1
24598 1
693973 1
347834 1
3529905 1
1027 1
4455 1
1075 1
12292 1
1089 1
12323 1
953 1
4426 1
11102 1
2249 1
15934 1
21736 1
15330 1
11257986 1
466269 1
498159 1
5195 1
22228 1
998 1
1037 1
27696 1
1248 1
6750 1
1016 1
1204 1
1006 1
1010 1
8385 1
616302 1
2589158 1
746373 1
2028766 1
45977 1
10505 1
9257 1
444181 1
2747 1
17608 1
13789 1
15542 1
22673 1
64834 1
13811 1
64838 1
16795 1
1773239 1
1824 1
3462514 1
382382 1
