0S,0C
2511810 1455
1794 1
1835 1
1766 1
1785 1
1811 1
1779 1
1774 1
1757 1
1770 1
1761 1
1788 1
1826 1
1804 1
1764 1
1792 1
1801 1
1682 1
1674 1
1669 1
1713 1
1285 1
1821 1
1798 1
1782 1
1784 1
1767 1
1762 1
1808 1
1801 1
1802 1
1784 1
1792 1
1770 1
1786 1
1773 1
1770 1
1759 1
1801 1
1804 1
1774 1
1780 1
1778 1
1770 1
1770 1
1810 1
1770 1
1804 1
1806 1
1832 1
1775 1
1758 1
1774 1
1758 1
1800 1
1691 1
1696 1
1730 1
1686 1
1285 1
1768 1
1779 1
1788 1
1810 1
1784 1
1770 1
1774 1
1767 1
1793 1
1768 1
1770 1
1772 1
1771 1
1771 1
1828 1
1807 1
1786 1
1796 1
1786 1
1798 1
1807 1
1759 1
1804 1
1779 1
1813 1
1775 1
1738 1
1691 1
1740 1
1727 1
1285 1
1810 1
1800 1
1791 1
1801 1
1761 1
1776 1
1809 1
1788 1
1818 1
1673 1
1728 1
1723 1
1708 1
1285 1
1810 1
1783 1
1801 1
1814 1
1774 1
1791 1
1810 1
1756 1
1801 1
1779 1
1777 1
1754 1
1821 1
1826 1
1772 1
1771 1
-33648 -20
-190282 -100
-32144 -20
-35778 -20
-31832 -20
-31877 -20
